solution vector:
	b[0] = 0.000083
	b[1] = 0.000165
	b[2] = 0.000248
	b[3] = 0.000330
	b[4] = 0.000413
	b[5] = 0.000495
	b[6] = 0.000578
	b[7] = 0.000660
	b[8] = 0.000743
	b[9] = 0.000826
	b[10] = 0.000908
	b[11] = 0.000991
	b[12] = 0.001073
	b[13] = 0.001156
	b[14] = 0.001238
	b[15] = 0.001321
	b[16] = 0.001404
	b[17] = 0.001486
	b[18] = 0.001569
	b[19] = 0.001651
	b[20] = 0.001734
	b[21] = 0.001816
	b[22] = 0.001899
	b[23] = 0.001981
	b[24] = 0.002064
	b[25] = 0.002147
	b[26] = 0.002229
	b[27] = 0.002312
	b[28] = 0.002394
	b[29] = 0.002477
	b[30] = 0.002559
	b[31] = 0.002642
	b[32] = 0.002724
	b[33] = 0.002807
	b[34] = 0.002890
	b[35] = 0.002972
	b[36] = 0.003055
	b[37] = 0.003137
	b[38] = 0.003220
	b[39] = 0.003302
	b[40] = 0.003385
	b[41] = 0.003468
	b[42] = 0.003550
	b[43] = 0.003633
	b[44] = 0.003715
	b[45] = 0.003798
	b[46] = 0.003880
	b[47] = 0.003963
	b[48] = 0.004045
	b[49] = 0.004128
	b[50] = 0.004211
	b[51] = 0.004293
	b[52] = 0.004376
	b[53] = 0.004458
	b[54] = 0.004541
	b[55] = 0.004623
	b[56] = 0.004706
	b[57] = 0.004788
	b[58] = 0.004871
	b[59] = 0.004954
	b[60] = 0.005036
	b[61] = 0.005119
	b[62] = 0.005201
	b[63] = 0.005284
	b[64] = 0.005366
	b[65] = 0.005449
	b[66] = 0.005532
	b[67] = 0.005614
	b[68] = 0.005697
	b[69] = 0.005779
	b[70] = 0.005862
	b[71] = 0.005944
	b[72] = 0.006027
	b[73] = 0.006109
	b[74] = 0.006192
	b[75] = 0.006275
	b[76] = 0.006357
	b[77] = 0.006440
	b[78] = 0.006522
	b[79] = 0.006605
	b[80] = 0.006687
	b[81] = 0.006770
	b[82] = 0.006852
	b[83] = 0.006935
	b[84] = 0.007018
	b[85] = 0.007100
	b[86] = 0.007183
	b[87] = 0.007265
	b[88] = 0.007348
	b[89] = 0.007430
	b[90] = 0.007513
	b[91] = 0.007596
	b[92] = 0.007678
	b[93] = 0.007761
	b[94] = 0.007843
	b[95] = 0.007926
	b[96] = 0.008008
	b[97] = 0.008091
	b[98] = 0.008173
	b[99] = 0.008256
	b[100] = 0.008339
	b[101] = 0.008421
	b[102] = 0.008504
	b[103] = 0.008586
	b[104] = 0.008669
	b[105] = 0.008751
	b[106] = 0.008834
	b[107] = 0.008916
	b[108] = 0.008999
	b[109] = 0.009082
	b[110] = 0.009164
	b[111] = 0.009247
	b[112] = 0.009329
	b[113] = 0.009412
	b[114] = 0.009494
	b[115] = 0.009577
	b[116] = 0.009660
	b[117] = 0.009742
	b[118] = 0.009825
	b[119] = 0.009907
	b[120] = 0.009990
	b[121] = 0.010072
	b[122] = 0.010155
	b[123] = 0.010237
	b[124] = 0.010320
	b[125] = 0.010403
	b[126] = 0.010485
	b[127] = 0.010568
Total time: 0.002597
